%   for i = 1:4
%     for j = 1:5
%        x(i,j) = (i-1)*20;
%        y(i,j)= (j-1)*20;
%        z(i,j) = (1+cos(i+j-2))*20;
%     end
%   end
%   x,y,z
%   surf(x,y,z)
%   

n= [    2.02888e-15
       0.0999472
       -0.994993 ];
t1= [    4.92952e-18
       -0.994993
      -0.0999472 ];
t2=[             -1
     7.62347e-15
    -1.27331e-15 ];

n'*t1,
n'*t2,
t1'*t2,


point = zeros(3,1),

rod = [             22      -10.1387         10.59 ]',

d = point -rod,

dt1 = t1'*d,
